-1840
-9389
1507
4382
3290
1071
4997
9903
1565
-1631
8951
-7425
-6468
-9930
-989
-1281
4723
-8152
6471
-5374
4894
661
-579
-4917
1659
-8849
-7237
6795
6448
-7499
-6151
-4886
-6928
9601
-7343
3587
-5510
-3165
-8436
8309
1474
-1041
-230
-842
1525
-8782
226
2699
3415
-1269
-357
3446
2351
3415
-1191
-4208
37
-8723
3981
-4841
170
-2292
8070
-6551
-6343
-7919
-1411
-2831
-8067
-3635
8272
5185
1428
-6953
7500
-7839
-4590
-9698
-9840
-7065
-9271
8194
-3664
6216
-4953
1507
-9737
9454
-4512
-7622
-9839
-117
-9555
199
6216
-6868
-3627
-6518
6733
-7279
-660
-6698
5786
-7108
-230
-6206
853
-4664
-643
-830
-4073
3964
7857
6550
7501
-8960
5166
-1279
8927
4367
-6989
7645
-5616
8846
1826
46
-346
-4516
-7317
9300
-1206
-1141
-6482
-3964
5425
-6035
8156
1656
2812
-6542
-7235
-8346
-1315
-3342
2071
-1521
-7172
-5723
749
2522
2297
-997
3686
-9664
6770
-9047
4720
-7927
-2361
-767
132
-4905
5212
-7546
-724
-3360
863
-2722
-1214
994
-7670
-440
-6341
-9198
-2517
9295
-4348
-4042
-6493
-1152
-7701
2356
-2548
-3527
-6399
-2390
639
-3869
-9697
320
-3756
2210
-3193
-2438
-7606
-3062
-7188
1939
-9110
180
4405
-2074
2632
465
2525
1646
-3511
-9666
-4737
-5135
-533
3161
16
4121
-2335
-2702
2157
-4381
-1954
869
8375
-7493
7733
-2040
1340
-9304
-6210
-1536
24
2435
-7813
-6407
-3396
-4754
-9861
-8746
-8755
131
4991
101
-2960
-7158
3836
-586
2725
-4305
7488
1102
-5167
-45
856
-8393
-1567
-1662
-1582
-8102
5676
6854
-6722
9744
-3496
-7686
8250
-8619
1983
-2496
-1682
6334
-301
-3049
4629
9101
-4032
-1336
-450
-4702
1713
1408
-5103
3220
-2346
-4798
-4170
-5888
9668
-3266
-1966
1313
7837
5693
1779
4513
-3534
-1186
-6769
-2417
455
7622
-6168
-9934
-6378
-6285
-5070
-291
7574
1170
-4488
-9405
732
2034
-7012
-1908
-2814
-2919
-4930
-4823
2664
3061
-9634
6437
-6375
5237
-6587
-2468
2128
1785
-831
9808
-9222
-5881
-2384
-6630
-6018
-7680
-4992
-1058
698
2034
-3405
-4958
9391
335
1672
-9664
-6688
6910
-4424
9849
470
1904
8159
-627
2152
-3658
2108
-951
-5671
-4174
-7846
1376
-6045
-7189
-657
-4579
371
36
7397
-3241
-2508
1295
1943
-7834
-7471
2750
4287
-3563
-779
-6694
6926
1433
-9707
1528
5435
-3135
-6927
9929
-7777
-1361
-3626
-9712
1696
-9754
2599
-9351
-8115
1955
382
-8343
1449
-5007
-4883
-943
6668
-7944
-8086
-2298
3751
-9706
8651
-9514
9126
-208
1805
-2285
-358
-6934
-7876
-4716
9624
1366
-4274
-7331
2428
6250
4336
-5349
690
-5803
7462
-1579
-8362
7347
-4884
-4512
154
287
-6525
-9935
872
3208
-4119
-1736
-3543
3047
-9465
9931
-4954
-7696
-7183
1760
1677
-6681
9545
-7552
-4202
9397
-7131
-872
1637
-5605
-9709
8018
-9677
-9530
8506
9124
521
3460
-7166
-538
-3956
-8874
-5961
-3479
-833
-9658
10
-5913
-7899
-9222
7513
-8458
-2745
-5622
-848
-6143
-6091
-8433
2447
2296
-656
-1412
-5523
-2649
7751
-7118
-2082
-8667
9088
1966
-2990
-3571
314
166
-1506
-9262
-5456
1844
-2082
-4689
-7455
-3439
-9189
-7588
8429
-7322
2793
-728
6755
7583
7861
9667
-7303
-8927
9789
-229
987
510
992
-6453
-5784
-8314
1016
718
4313
-9984
-3771
-774
-9692
5978
8876
-6518
-5696
-6563
1695
-2244
-5687
-9852
1183
-6947
-8858
-1394
2751
-414
9321
9938
-9845
3384
-7785
-8845
-5784
-1666
-6999
-4940
-7042
1297
9330
-5619
2004
5896
1218
-2273
1659
6626
-5110
-8475
-4147
1021
-2783
4203
-809
-5688
1767
1507
2997
8763
5576
1526
-2499
-27
-189
-1672
-5377
-9978
-8725
-4449
-5525
1887
-3763
-5003
-8877
-5274
5235
332
7507
286
-8599
-8879
-1106
-4281
6495
-1180
-6917
-6927
-8786
-505
-3904
1207
-674
5973
6845
-2230
-9338
1878
-5748
-3157
-9162
4880
295
-8418
-8974
-5153
-2261
2523
7359
-1944
1820
-9082
-2876
2698
-6870
-6271
-5303
-1001
-110
1345
-8350
-1278
-2681
-706
-8366
-8328
1202
6991
7850
-8172
9528
-5674
7761
-4210
7611
-7465
-2424
-9516
-1756
4463
-4210
-9348
4159
9730
-7838
-4168
-7513
-7467
-4121
-7541
-3036
7582
-6867
-2789
-4750
-1767
-3859
8039
7748
7068
-5963
-9925
-887
3597
6853
2050
3310
-2189
-647
1403
7876
-4214
-7000
2735
9315
-8390
1740
-2494
-1329
9674
-7165
-8216
-4806
9457
-1931
-4070
6250
526
-8617
-1719
-2180
-6119
2544
-5774
-5015
-8614
1658
-1549
-1560
4152
-9525
-8259
-4811
-8204
-9803
-9430
-9295
6199
-3798
-7887
-535
2760
-4604
6743
-1445
-6141
-477
2185
5526
-7417
-4296
1095
5217
-241
739
-4541
736
-8285
7224
810
-6254
-4177
-2585
3042
-3490
-8299
-5444
821
-3025
-5953
-8988
1452
-9570
535
-8943
6432
-977
4122
4607
-6547
-3938
-4662
-9352
-5495
-4868
-8220
-587
7891
-3340
2514
-5433
-1265
1363
-6463
-1003
8721
1480
-3531
-5242
-2665
8167
-2309
-7711
-804
-6796
6272
-5645
8202
-33
5568
-3375
4625
6923
-4671
-2433
-747
-4781
7937
1712
-9716
207
-9299
1742
-9911
8659
1685
-8067
-398
5817
5436
-6245
-9479
1249
-3884
202
-3575
9973
-5623
1330
-9570
-5550
-36
-7071
-4774
-5052
-2541
2708
9878
-2703
975
3130
-8426
-8936
-130
4470
992
-5605
-6126
-7482
-3314
-6981
3538
-9533
-8190
-4348
3056
-7192
-5606
-9303
-7909
-8779
-7484
-304
-7243
7062
2195
-9711
-6072
4896
-5294
-9893
-5452
9820
7032
7768
8140
-8952
4125
-5742
-8766
473
77
-106
-4224
-219
-6341
2200
3161
-8415
6231
-3049
-6050
-9690
-5117
2626
9685
6617
-5662
-3589
-4696
6155
-2446
-7909
-7398
-5250
-5125
3862
-8001
202
424
-832
268
2334
54
3792
-7252
3627
4011
1413
3061
-707
9705
5319
-7141
-4693
-1021
-5681
1859
9842
-9361
-9912
-550
-9987
1565
-1385
4455
-5688
-9273
-8262
-6465
-2300
-919
-6866
-5000
2525
-8462
915
-2112
-101
-9861
-9261
-1394
-5114
-8
5697
-5448
2733
-5491
1087
7911
7337
-5277
1411
2600
8733
-164
-3558
6949
-1055
9315
-8435
9364
-256
3078
-6301
5902
-9410
6856
9703
7458
2462
-5197
-2677
9322
-8638
2443
1294
-2401
-7692
-9495
7866
-9847
-5179
-5146
